31434 8302 34647 17938 724 41364 12887 48517 6588 10714
10360 19414 29571 3887 45799 17967 19569 14316 1757 27774
32372 5630 25982 29798 3105 33749 31887 29963 25696 43023
19382 20165 40311 28090 33502 49532 2667 30129 38447 29329
20085 14755 8934 17996 39228 8912 29080 32466 9536 5848
41438 8121 24592 30459 5249 32533 10850 42139 3512 7491
39485 38640 33020 49718 32458 12376 20203 23135 18337 123
28260 4595 16896 8120 7901 20579 44039 37203 44775 4513
30251 26804 21632 13100 36408 32386 42138 5309 30549 48205
6361 29544 7985 36175 34964 32915 44999 22029 10309 1484
23309 22003 37896 11924 48450 16802 30788 23087 10285 44759
33048 10687 47960 42767 25572 49461 34796 21844 49175 25012
40852 23968 35305 11844 12178 18223 4322 35034 26148 7241
24953 40431 41697 29391 26205 32333 11745 8281 14812 48164
12664 18718 27100 26852 22245 7498 34076 41309 43307 28119
22467 5714 24794 20854 42475 35141 26056 43474 45100 28478
2826 33363 27992 15553 15348 8768 19042 5930 20101 45477
1160 49910 6604 45382 20019 21958 29902 45020 18958 12970
17504 45486 11668 20599 46791 29894 33808 6194 45189 20967
9303 42816 10793 19233 25671 11263 35527 1865 35480 10081
36409 3211 37771 31116 13082 40727 44121 14334 1313 44193
48934 34348 32904 41854 2454 36386 42148 4435 28070 31262
27786 46869 32524 27338 37276 38005 28780 22422 37110 20557
26539 89 18887 47153 44622 23005 15932 43423 12802 40493
19328 15798 8031 28790 35415 29912 11491 10253 19058 45337
28394 2088 48262 3736 32042 26103 26092 30479 27309 18451
5273 24255 26399 12362 29328 25284 41512 27462 21665 20355
24876 36425 30639 12113 26493 43442 4277 767 43906 49259
23104 48687 6312 44385 13302 22284 17422 15484 45277 30935
27612 19940 44681 9799 16127 30093 3856 21845 38340 21774
31781 34634 31427 31400 19659 9000 24194 32118 27500 20088
13260 32273 14262 15998 48289 28823 40423 5651 13602 4222
17213 5458 2058 37763 11174 13848 49894 11430 36174 23797
37894 25868 27582 26123 15151 4267 44895 475 16543 653
39805 36748 24014 44390 6401 26914 14756 44519 49042 16174
46497 45972 11256 2771 1196 24685 5963 27775 43696 30150
23317 49772 1130 32044 17489 4445 32204 2249 37833 5799
32892 14771 23064 3971 16505 23863 19286 24420 11641 35015
14039 24648 41092 14351 48861 17562 28410 39478 32315 25062
26578 28834 23908 41531 24959 47210 46856 4509 16548 22245
14304 39050 47445 20442 19236 12967 24413 21521 43083 12541
24406 46772 31821 22096 32034 40490 21209 16320 27075 23527
14743 1188 4349 34542 28902 17917 32526 47625 20284 4523
46791 4629 48372 41206 22666 26747 5811 39081 44735 22695
15353 16554 14578 40153 48885 44041 36734 13080 19336 25660
30221 39947 30697 26021 35808 36982 44847 41312 25996 46129
36436 6512 25543 39546 8701 24727 15187 1236 33745 432
20251 31642 10565 5685 28781 12909 2886 7266 40957 40921
26757 33154 22687 25188 4751 8717 21461 29191 39629 46592
1839 21880 35349 29337 21251 35713 7439 30630 44217 27791
27904 29057 34499 18469 42088 28320 20272 36167 26200 9087
46921 27972 24597 661 15777 3154 15296 25106 4746 10701
727 32579 28607 12595 8252 14211 22553 1720 11594 48074
22450 26985 50000 4554 19244 28556 26697 9709 32972 2915
11988 39120 33894 10900 9215 40159 34426 11808 13725 7587
35747 3220 5964 16001 37222 19281 19878 42718 5118 39824
16906 46438 49472 38950 24031 222 24449 4478 11577 12169
48002 38990 42758 3547 31284 9129 22328 2074 16850 42284
6126 47524 47422 28800 6760 47941 23761 23474 43280 17330
10994 2249 34231 19902 17672 18729 24222 41708 744 20435
13822 7791 42711 26560 31435 11884 4241 37385 43647 26108
26709 40503 47470 10130 44319 516 23884 42798 14732 16975
7144 4424 40457 9989 38412 44525 30645 44144 25462 28146
44399 29169 22436 13645 12216 40118 24921 26248 1750 30751
45994 4573 27765 21279 48302 11868 3798 25634 5704 19740
44865 44085 5605 39801 6348 34102 29659 47827 34106 36156
16247 15799 4797 21391 12841 39484 3429 44959 20162 23128
17224 32212 12936 8219 21037 44933 43926 10342 39752 21292
48940 6658 47390 6345 20560 46702 928 39511 7426 40870
9295 41724 24117 14205 4396 47705 23869 47950 11594 8175
42710 17647 11606 42703 18908 24561 44462 6403 26101 6683
28828 42666 31918 6619 6823 29766 6483 16327 25220 41302
6787 12833 28886 29169 3593 44819 21210 3032 47275 27279
39319 22135 37790 334 48959 33662 21842 8716 35053 36859
37226 10452 49147 23650 10319 26828 24247 44572 37741 849
30851 23525 47313 38099 25396 46034 36623 12151 33773 23531
29731 26504 18109 40475 23863 36390 44564 22073 18293 46726
3557 17808 27029 17023 31524 30027 25431 20076 45098 27433
18404 18939 24405 20488 44450 45830 22090 39446 45516 37414
28611 46026 37330 3165 42400 26582 8690 27456 25517 8020
11065 31395 21611 7711 21760 47482 23189 25143 24904 38701
49444 6201 4566 23775 34263 10562 33393 2051 26394 38976
18383 4665 20216 29930 32590 33509 16092 14582 17898 35880
3820 24735 39341 611 21406 31090 5876 1017 14012 48083
46000 1035 4775 27147 39153 33566 39951 22476 5469 4226
35798 2003 47078 19445 33512 41666 13954 35197 11580 32827
36043 21485 11984 1143 21308 38185 7836 30145 16236 19811
25216 4339 11342 20369 31277 34699 49243 24567 13985 4115
7005 38340 6271 21571 27634 29927 48829 1593 17793 2509
41292 39878 10176 40835 1118 36914 9282 37172 33166 28858
48786 16432 10604 18992 37173 46402 29624 13674 5875 36595
26216 3823 716 48479 33161 46756 23206 10551 9372 43429
32906 4051 41716 22995 15905 9007 1529 40014 7340 25709
34184 9610 27748 13732 20275 2380 4102 19194 21256 44019
46368 41049 10680 14196 39570 18912 44609 15522 39509 8174
41191 36176 27524 42956 19939 9119 35963 23853 45814 26749
1441 5340 31860 2290 37314 47233 26850 28274 40357 35630
1163 18046 9133 21429 44938 28387 3174 18668 7456 86
12757 709 35656 18542 38811 29594 12677 38366 1269 2771
4459 34315 2058 1850 43507 35907 15830 30023 14189 24550
